0
2
4
8
6
0
0
6
8
14
8
38
18
54
26
28
38
40
36
32
20
28
12
44
42
50
6
72
14
38
30
36
6
0
10
14
54
42
42
18
10
18
2
28
8
8
34
46
10
36
8
28
24
16
8
6
20
18
12
30
46
38
44
44
34
58
26
26
38
10
50
28
42
38
28
30
8
34
48
24
28
8
8
28
54
26
32
40
36
20
32
28
10
14
40
44
4
42
6
34
16
8
34
6
14
38
46
36
12
18
26
32
20
48
52
42
44
14
14
8
30
38
6
34
58
26
48
10
42
48
46
14
34
38
8
40
46
24
2
36
32
14
6
18
38
20
26
54
12
38
18
28
48
10
20
22
18
28
32
40
10
20
6
28
22
22
0
16
34
14
28
12
4
28
14
22
30
38
8
24
38
26
26
20
0
50
24
52
18
16
68
14
20
0
54
24
16
16
54
18
36
16
4
20
6
50
36
40
14
4
14
16
30
22
14
24
26
26
48
18
16
12
18
46
14
30
36
50
12
8
92
22
46
18
4
60
14
62
14
44
34
18
18
10
52
2
32
16
8
20
32
22
48
14
4
56
36
8
24
24
42
6
36
34
12
46
58
32
54
12
24
6
14
44
34
30
50
8
58
10
18
36
40
12
58
24
22
12
46
48
8
30
48
4
32
30
44
6
36
50
46
36
18
50
8
46
36
14
38
2
46
32
48
38
0
22
18
2
16
34
32
58
40
4
48
8
28
10
8
42
24
34
54
6
16
20
42
50
8
24
42
4
50
0
28
12
54
40
16
40
0
28
8
46
14
4
24
18
32
30
46
30
26
34
2
28
56
22
42
14
8
20
18
34
30
24
20
28
44
52
26
26
28
6
34
28
42
20
8
20
20
32
14
22
24
28
32
36
22
48
20
8
30
4
40
30
14
32
30
40
10
14
6
10
46
24
12
40
26
8
32
28
6
30
12
2
16
14
22
44
6
66
44
12
20
18
12
28
34
14
8
38
18
24
62
18
34
42
4
24
42
40
40
44
42
40
10
54
12
18
46
12
8
60
18
6
0
52
40
34
6
36
20
30
56
36
8
40
42
28
12
8
16
34
6
36
4
12
10
28
20
18
14
38
42
44
64
10
44
22
30
42
14
18
14
22
24
18
46
4
30
30
48
28
24
36
6
22
16
26
32
62
22
2
36
48
26
18
6
10
42
30
50
22
12
34
24
22
18
28
24
8
24
28
16
42
4
30
16
24
18
32
34
72
4
2
50
22
16
12
46
26
32
6
28
20
8
36
10
22
18
10
26
2
52
34
18
24
46
14
8
18
40
28
38
14
42
50
52
0
18
14
14
12
40
30
32
48
12
28
30
44
18
12
52
2
30
8
4
6
0
6
42
20
14
40
24
36
8
34
36
24
38
30
0
54
16
18
16
62
22
30
14
48
24
0
40
2
52
14
2
18
50
28
4
14
10
38
14
28
24
38
50
8
68
38
28
22
10
32
28
4
10
28
36
22
36
0
44
18
28
44
14
4
2
26
28
58
6
4
44
50
20
22
36
6
18
8
12
30
20
38
8
40
58
22
4
18
34
8
22
22
12
46
4
22
30
36
28
8
32
30
24
38
54
8
36
24
18
30
2
40
12
18
32
42
48
26
10
30
14
24
28
34
72
28
14
8
4
46
10
42
58
44
54
56
24
20
42
20
16
2
4
10
16
46
2
34
30
42
34
22
10
34
20
14
48
40
28
68
32
0
30
40
28
14
30
14
6
6
4
34
54
16
0
38
28
4
24
26
30
34
30
42
4
16
14
50
2
26
18
24
14
32
30
42
6
16
4
10
48
10
40
8
10
14
36
28
20
12
48
10
32
22
4
34
8
2
54
22
8
36
2
12
12
2
8
6
22
32
10
60
20
2
30
28
6
20
22
34
0
22
2
20
44
20
14
50
42
30
28
12
16
20
12
30
54
30
2
20
44
32
14
24
64
40
32
14
10
2
14
24
4
48
50
32
20
38
4
18
12
66
34
2
14
26
22
20
22
24
46
28
56
32
28
22
24
56
8
12
44
14
26
22
62
34
44
28
16
36
38
14
12
30
6
64
24
12
16
14
56
40
16
20
38
8
42
34
12
30
26
28
34
44
14
20
42
0
46
24
36
42
36
8
12
24
12
6
20
24
48
28
28
36
6
52
42
16
24
42
26
16
6
14
58
6
42
20
52
28
12
16
16
18
18
2
34
24
30
0
44
50
30
24
52
54
36
58
4
24
26
22
6
18
42
50
10
18
70
34
